



-0.012442833020683
0.030269948466364
-0.058059117603417
-0.027484783962857
-0.041433468256212
-0.055599910009613
-0.037369729271613
-0.016848453107644
-0.018090275142241
0.008572613724654
-0.006819795442092
0.019159294373160
-0.027156928059830
0.047272975832381
-0.059450673131219
0.018284511739399
-0.006583518023673
0.007030585536477
-0.044323583459195
-0.032867020293787
0.039800513976374
0.055904721121282
-0.014032851323412
0.029135248536635
0.045846695920626
0.047578923536505
-0.054588006707378
-0.057810454057855
-0.041895761370908
0.048806042797078
-0.054871008653292
-0.013285521543875
